11111111101111111110101001100110101101101111110011001010110010101111101101111110011111110000111111110101011111111110100111111111111111101011
11101110111111001001111010101011110101111111001101101011110111111011110101110001101111110101110101111101111111011011111111010011110111111011
11001101110111100110010011111101011001111000011111101011010011111011110111110011101101101100111111110111101110111111111101101111011100111011
10001101000111111011001111111010001111010110001110111111011101110101001111111101011110011100000101111001000101111100111011101100001011100010
00111110101101110011111101110111101111010001111100010111001001001010101111001000011100011111011011010010111001111111100101011011100111001111
11101100110111001100000110001110101111101111001011110101111110000011011010011111110011011001111011101001110111101110111011111100111111010100
01111010100101111000101001011101001010001110110010010001110011110111011101111010100011110100111011001010110001011010110101011110110011110110
01111111111100010101110110101010111111101101110000001011011101111000111111111111111101110110100110111110011111100011101110101111011111100011
10010110111001110110111111111111110100001000110111001111011111111101011001101110101011101011101110000001111000110111101011101011001111010111
11010010111111110101111101010110111011111110111110011110111111001111110010101110111101011011101111010110001111111011001111011101110111110011
10010101001011011101001111010000010011111001110011011111101110000110011111111100111011001110101111101101110010001101110010101011000110111010
01110110111001001101011111101010111101111111100101111111101111111111011011100011011111110111010011010000110110001101100101001111001011101001
01011101101001010101101011000101101001010010110110111110110101011111111111011111010110111010111101111010010111110111110101110111011110110110
01100101111011111011100111001000111111010101011111110110011100000110101110011110011100101101111110111000100011110111111111001110101101111100
01001101001111111111110111101001011100000011111101010011010110101000101011111101110111111001010100010011010011100010111001100011111111100100
11010001111010011011101110101010101010110111010111110111001100100111101011101101011111111101010101111011101111011101001011111110110011110011
11011011011110111011101111000111111111011101100000001110011011111111000110111111111011111111010111101011111011111010111011111111101101011101
01011111111101111001010101111011111011000010101011001011111011111111010110001110111011100010111110101011101110111000110111000010111101110000
10111011011111111110110111111111110111111111110111011010010111101010110100111101111111001111111101010111110101111100100101011101101111001111
01000111100111100011110001111010001011011111010111011111010111111000011111100001111010111111011111011010010111100011111101001111000010110111
00101110011110111100110110000111100000101011101011101111100011111101111100110110011101001010000111010101011011111110111111110101011100100101
01011111111111001011110110111100100010011101011110001010110010111111110110101001110101100010111100101100000101111100000001111100111111101011
11010111111111111011011111101110101011111110000010011011110101111110110001101101111010100001000101011111100000110010101101111000111110111111
01111001111110010100101101000111101110110110000101110001011000010110111001111011110100101011110111100001101100111111011011010011010111000011
01101101111111011111101101011101100101101011111101110111111110100001111110010001010111111101011110101111011100001111110111111111011101111110
10001111110111010011101011011011110111000101111111111100111001100110101101111111011111011010011011000111001111000011011111111100001010101101
01010111111101101011010111101110011111101110110111110100111101110001110010011001011111101111110111110111110011101111011011011111111100010111
10111110101010010100100101111101111111111011111110101101111110011010111010010111001011101110011101111110110110101111001111111000111111000111
01111110111011011100110111111100000111101111111100000101110111111100101111001101000010101011111111010010010011110011000111011110011110011110
11011110111111011011011111111111011011001111011101101111101011111100111011111011000001110110111111110111001100110110000000101111000111101100
10100000111000111011001011111010001101101111101100111111111110111011011110010001110011101010101011110011000010100101110100100001011010101111
11011100111110101101111111101001111001111110010110111111111111100110111101101101110110101111111011011011111110110000111000111111111001101011
10010011101001111000110101000101101011010101011111010111111111110011010100110110110101011011011101110010011011011110010001110111010111110111
11101101010111110111000011111110111101100111111010110101011101011111011100011101011000101101111001111010100111101101111111111001111011101101
11011100110010111001011111010011101011011011101111110110110111101011111011110110111011001111000001111011111110111011011111001101100011111101
11110101111011011111001011110110101111110110110110111011011101110111000111100110111111111001110010101011001101111011101011100111011111111101
11011001110110000010001110110101001010111111010110101011010111111110011110111010110010101111111110111111010100110010001000000111011011111110
11110010001111011111111011000101000111101111111101110011011111011110100000110110101001011011111011111011111110111100111111110010011011010111
01111110110111111101101101011000011010111111001110101000001011111111011100010110101111101000110011011110010000111001110010011111011000011001
11100000101111111110111111110101101110001110111011111110111010011110111110111101111011011110101110100111101100110101011011001100000111111101
11100010110111100111110111111100011001110101110110011110111101101100110010111101110011110111101100110010111010011111110100000101010100111110
00100011011110101010001100110101101110111111110101100010111111110101111111011110011111111001111110111000111100110111001011111110111001111111
01010101111111101111100110011000101011000011000111000011010101101101101000111000100101010101110111011011111101000101111110110101111111101110
11100110111110101110111100100001001100111010111011000110110101100011101101111101010111011011100011010000111011101101111011010111111011000111
11110101111110110111111110111111111101111011110111010110101100110101101110011010001101100111101101100001110001101001111101010101011011101111
11111000111101011001110100111010101001110001101110011011001011100111001111100011111011100011110101001010110111000111110110011001110111100100
00111100111111000000011001011011100011011111011110100011110110110111101101010111000001100011110111001110100000100111100011111100111110100111
10111110110001011111111011111000101011110010111011101101100000001101111010111111101011001111010110111110011101010001011001111110101110001100
11100100000010111000111101001111110111001111111111111011111111101010010111001010101111011110011011001001111111111111111111011001101111111110
01101111111011011110101001111100100010010001111111111000010001100111011011111110110001111011110010001110110101111111010101111111001010011100
11100100110101110111011011101010101101111001101011010011111101110011111111101111000111111011111010001100000101011010101111111010011110101101
11111111000010010111101111011110111011110111111101111010101111110011111001111010111111010101110000100010101011000010011111111111111111101111
10111111111100011101000001011100110101101010111111111111011011110001010110100011110011111101110101110110101111111110111000111111110111011111
11101011101011100111001110000010101111100111001100010101101011100100110101100111001101111001001101111100111111011111111101111000110011111110
01011110111110100111100001101010011101101010101111000010111100011111110001101001101101011010111110101000011011101011000101111111011011100011
11001110011110111110010110111001011111110000101111011001100010011011101011110111101100110111100011001111111001101101100011110111101100111101
10011010010111000111101001110101111101110111101010100110011101111100011010011101001101011111111111111101111100011101101101111111010010110001
10010011101011110100011100101111011110111011011100111011101111110101111111011100110101100110011110101110111011100100110011111000111100001110
10101111011011111110010010111101010011111001000111001110100000110001001011101100110101101111111111010110111100000010101011010110111111011001
10101011111101011110111101001110011111111110110111100101000000101011110001111110010111111111110010111110110111011100001000011111110110110111
11111011010011111110110111011011111100100111111111011111110111100111100110011101110010111001110101111111001101101110110111011111111111001111
11110000101010101011111011001111001110111111111100011100111100111110111011011111010010000101011100011110111111011011101100001011111111000101
10110100010111110011110111000111110111010000110111001001101011101110001110110010111011110110010010100100011110001110010011110011011001111101
11011011110111001110110111010100011011110110001010000101111010011011111111111011001101111100101001111111010110111111100011111001111110111011
00100111111110011101000101110111000011110001111110101110111100011110001101101011111110100101111101111111111011111101001100111110111111010111
00101111110011111010111001011111011101001111111011110111111100011110010110111001011111100011111001001101110111111110011111111101001011100101
01110111111011110111111010111010000011011110100100101010001000101011001111111011011010110101111111011100001101111111011111100000100111011101
00100011011110011111110101011111111001011101110111011111110011100011101110010101111110001110000011111110011111111111001111100111101010111011
10100111011111100101010001111111001111111111111100110110110001001101100110001110001111111111110001110111111111000101110000111111011101111111
01110111111011011001111110101001011011110111001011101111011111001100100000101111110000111111110011111001001101000010111010010010110001111011
11101011011010010101111010110001101010111110001111011011100110111011101000110101101101100011011001101011111111011000111111111110110011111100
01010110010101101111100110111101000111010110111011111111001100111011100101101011111011111100111111111111011110111011101110111100101111011010
01110100101100111011110000011111111110101011101111100001110111011000111011100101101111110100011010111010011111100111110010101001101111111111
01011101011101011011011001011101001100111110101001010010011011101101100011111110101110110001011001010111111111111111111101011111001001111110
00010101101111010110000001010100110011101111000011101000101101111111110001100101010110001101101000110100110101000011001101110011010111001111
10111000101111011010011110011111111001110001111101000111111111100011111111110111111111000110110011011001000111111101100101010101110101010111
11011011110000101000100011111110111111111110111000111111111111111011001011101110111100101111001111001010110111111101111111101011111111110110
11111001100111110111011111011111110111110110011101011111010111001101000111011001010111010111111001111011110011001110111110101000111101100011
10000111110101110010101101001011011110111000110111100101010110110110111010100000111110101110010010101100000111110000100111111111111011011101
11111100011100101101001011110111110111100111101111110010011111100101110010110111101101100111100100101101011011011101110111111110000110110110
11111101110111111100110011101111111111110111011010111011101111011111010101110011111111001111101111101110011010111011110011100000000011111111
11100101111001111101011100110100110011001011101110101010011101011011010001101111010101100100010101111000111000011101111010111111011110111101
11011111111001010111100101111101111111110111111011110111111011110011100011101111011011001111010101011111100011101000101010111111111101111111
11111011001101101111111101111100010011110110010100111001101111010110101111011111010011011011101111011110011110011111011001011111101001110111
10110001001111111011001001011011001000100101010101111001110101110100100010111011110011011111011001111010111000011110100101110101100101100111
11101110011110100111001101111100001011110001111110010111001111111011010110001011101001100100000111100110111110100101111111100111001110110011
01110010110101111011001011111111011011111110111000101011010101111111110011111001100010101101111100110100100000001111100001010111101100111010
01001101110011101111110101000111111001101111111101011111111001111011001111111101110011110101101011101110011100101101001110111010110001011010
11110111110111010111010100001001011111010011110001010111100110111011001110011101000110111110111010111010001010010100111110111111110110110100
00111001111111111110011110111011011100111010111110101111011110101111111110111011001111100101101011100101011001010111001000000111101111010111
11110100101000101011111011100111101110011110100011001110010110111111011101111110001101110010110101011110110111101111110111111111001100101011
01011110010101110100111010111101010110010111100100011111111101100101111111101100101110101011101111101011111100101010111111011011111011010111
10011111110111110101111011100110111000100111110110111110010110100111001100111111111011111001111111110100110100011101001101000111011100000111
00011111110101110101101110111110011111111001001010111011110001011001001011010001101101011110000100111111110001101010111110011111101001110111
01110101100001110011111110010001101111011111011010011100110111110100111001111111010110001110011111100111100110110010110011011110111111111111
00001101110101100010010111010001111010111110111100011001101110100110000100111110111011100101000100010111101001101011100101111111111011110001
01110001011110000100111111111111011101111111111100010110110110100111101111111011100111011111011100101101010111111011111110101001111101101100
01111111011001001111111110101111101111011100110110011011110011111110101111110110111111111111110110111111111100010011000111100110100100111110
01111011011001110110101110101011000011100110111111111101111101011100011111111000011011101000011111011110111001100010001011100111011111111100
10111001101110011010101001111111111110010110111111101111111100101101011100111001011111100110110111101110001111000101001101110101111111011110
00111101101010111011100100111111001011101101011111011011111000101011010111110111111111111000101011100101111110010100111010010101110101110000
00111010011101110011010111101101111111111011110110111110100100011001110000111010100111110100110011010111100111110101001101101101111001110110
11011010111111111011010001111100111101011111111011101101000110011111010011110111010011111001111101110110111101111111011011010100101100111111
10110010110100111111101101101110101011100010100010100010111110010111111101010110010101100000101111111111111011010100101000111001111011111000
11111111111111010111110101111111101101011101111111001111011110111101101111011111111011111110110101001101011001001011101011011010101101110111
10010001001111101011111111100011101110110111111101001110110100111101101110001111111010101101100001100001011011110011111100100111010111111010
10101001001100111010011000111111101101010010010000110110100111000111111011111101101000001100101010111011010110011101111100111001101001001110
11110010101101001111111001011101101001000111110101111100110111111101111100000101010010110010011111101010010011111010111101111100110101001011
11001111111111111000010011111110111111011110101111111111100111100101010011110011010010111110000111110001110111000101010111010111010101110101
11110101110001001010011111111101011001011100111111101010111101000111111110010100001101100110001101101110101001011001001101100111111111011111
11010100111011010010101111111100110110101101000000010110001001001011011100110010011111110011011010110001111110111111010010011101110110111100
11100010000101010101011000011111011100011111101110011011001011011110000010011101001011011011101110111111011111101001110110011011111111100111
11011010111110110000011101111001100101000111001101110110111010110101001001111101011110100101101100101111111001110010111000111001111100000010
01100111111101011111111001111111001011100001110010011100101010111110000011011111001111001000001001111011101110111101111010100101010001101011
10111010111100001011100110011011111000001101111111001111101010011111110000101011111101111111011010111011111111101111011101110110101101101000
01101011111011000011101111110111010110011101010010100010111001010000001111111111101010101110101100001110011101111111000111110111111010000001
01101100001001111011101010101101110111011101100011011111011110011010011111111101111111010011101011000111111101111111101011101111110111101111
00111101011000110011100011011111111111011100111011000001100011101101001001101011101011101011111011011100111111111100101111111101101111001110
01101111110011111010111111101111001101011000111000100110000110101110101110011101100010101100110011011111111101101111111111001011101011101110
10110100100000011111011011011111111010110101100100010001011101110111110100101111111011111100111100111010111100100111110011011011001001101100
11011011111100000111010110111101011001010110111010010110111101111100110011100010101111001110001110111110100111111111001101111101111110011010
00001111010000111111110011111101001111001011110010111111110111111111101111111111101011101011011011110100011011111111011010110011101010101011
01010101011111101100110001011011101101110101101101011101001101000000111110001001111111110111111111100001111010001110111101011111011100010111
11011011110111101001000000111010100011011101111111111111001110101000111110110111100101110101101111010010111101100110100111011111011000111010
01111011101111111111111101111111100101111111011011101011011101111110111101101111010110111001110101110000110100111010111001111011001010111101
11100111101100111111111001101010111111011011011010111110110010111010111101100001111010001101001100100111111110101110110100101001010111000101
10111001001110111111011111110101010111001011101111001001101011111010110101001101111110101011011111110111001100011100110111011111100110110111
01111101110001111010011100110010111100100000000111011011010111011110001111110011101010001101101101110001011101101011010011001011111111000110
11100011111111110000111110101010010010110001010100111101000001101001001000111101101111111011011011110111110110110111110111000111110000000100
11100100111110001111111101101111101101101111000101111111111111110010110011101000011011111011101111100111101111011010000111100111111111101001
11011111110011011110011110111110110110111111101111101010001110010110011111001111101111011110101101111110111101101001011100101110110111101011
00110010111111011011111111101001010110010111111111111000001010011100011101100110111010111111011100001101100110111110110011011111100111011001
11001010101101101111101001100010111001100111011100110111111100001011111100110110110010111111000111101110000111001100110010110100001101011110
10001101110101110101111111000110110111001111011101110101011111101001111111111011010110101011101101110010111010101111001000100111101001010110
00111100011101101011111110011101011111011111111101001111110111010001101111111101010100111110011101010110110001011000011111011110100100111101
01101100010101001011110111010101011100111011111111111010111110111010110101010110111101110111100111111111110001111101111000100011011011011011
01000111101110110011111110100000011010011111101111011101111001100010111111101011001101001101111110011111111111111000101011111011101101110011
11011010110110101100110110010001011110111001111011111111001110110100111101110100111111111110011101000110010011110111110111111000110101011011
11011101111110101111111011111111100110100111101001011011101010101111010101010110101011111111111001100000011101101111111111100100100111111111
11110110111010101111001111111110010010111011111001111101111100111101101000110001101001001110001001000110111011010011001111111111110111101110